0	49.56		50.38	51.23	51.91	52.82	52.92	53.24	53.11	53.16	52.73	52.41	52.00	51.04	50.25	49.37 48.39
10	61.38		62.47	63.61	64.52	65.51	65.77	66.28	66.11	66.17	65.67	65.28	64.74	63.56	62.57	61.43 60.16
20	76.48		77.87	79.33	80.49	81.72	82.13	82.72	82.57	82.65	82.03	81.51	80.86	79.43	78.16	76.70 75.12
30	95.50		97.30	99.16	100.66	102.12	102.76	103.39	103.40	103.48	102.75	102.12	101.28	99.60	97.91	96.10 94.04
40	119.77		122.15	124.60	126.61	128.32	129.27	130.26	130.18	130.32	129.36	128.54	127.48	125.35	123.19	120.86 118.25
50	150.81		153.93	157.03	159.62	161.71	162.99	164.04	164.29	164.41	163.34	162.26	160.88	158.30	155.53	152.58 149.20
60	190.44	194.48	198.57	201.89	204.44	206.18	207.60	207.93	208.11	206.77	205.41	203.68	200.44	196.92	193.14 188.85
70	241.32	246.54	251.81	256.07	259.26	261.60	263.31	263.86	264.08	262.41	260.75	258.58	254.53	250.01	245.18 239.69
80	306.22	312.97	319.71	325.15	329.09	332.14	334.26	335.04	335.30	333.27	331.26	328.47	323.45	317.71	311.65 304.57
90	388.69	397.36	405.87	412.74	417.60	421.50	424.13	425.24	425.65	423.07	420.59	417.16	410.94	403.74	396.06 387.14
100	492.67	503.64	514.39	522.95	528.85	533.81	536.95	538.50	538.94	535.89	532.89	528.55	520.92	511.95	502.41 491.11
110	622.02	635.82	649.12	659.69	666.86	673.01	676.70	678.70	679.24	675.61	671.94	666.69	657.47	646.45	634.67 620.61
120	781.80	798.94	815.30	828.22	836.78	844.33	848.81	851.16	851.86	847.54	843.22	837.00	825.94	812.56	798.14 780.80
130	977.54	998.56	1018.39	1033.95	1043.98	1052.97	1058.28	1061.10	1061.92	1056.86	1051.86	1044.56	1031.49	1015.48	998.12 976.99
140	1216.88	1242.38	1266.17	1284.60	1296.11	1306.65	1312.72	1316.02	1317.08	1311.16	1305.54	1297.19	1282.00	1263.18	1242.57 1217.03
150	1513.33	1543.95	1571.99	1593.47	1606.23	1618.37	1625.08	1628.80	1630.09	1623.29	1617.20	1607.92	1590.60	1568.86	1544.88	1514.41
160	1884.06	1920.06	1952.63	1976.90	1990.49	2003.96	2011.07	2015.25	2016.78	2008.99	2002.76	1992.87	1973.68	1949.16	1921.88	1886.24
170	2358.78	2400.04	2436.73	2463.47	2476.88	2491.30	2498.52	2502.93	2504.79	2495.89	2489.88	2480.04	2459.43	2432.56	2402.81	2362.23
180	2986.04	3030.90	3070.91	3098.94	3110.68	3125.52	3132.18	3136.74	3139.19	3128.73	3123.74	3114.81	3093.50	3065.41	3034.80	2990.65
190	3837.82		3883.53	3924.45	3952.31	3960.20	3975.02	3980.38	3985.03	3988.16	3975.95	3972.45	3965.64	3944.62	3916.77	3888.39	3843.40
200	5023.09		5064.14	5103.72	5129.33	5130.71	5145.12	5148.60	5153.59	5157.89	5142.49	5141.61	5138.21	5117.94	5092.17	5069.98	5029.03
210	6682.35		6713.01		6748.77		6771.27		6764.17		6778.37		6779.75		6785.56	6791.28	6771.65	6773.34	6774.19	6754.57	6731.67	6719.57	6688.17
220	8983.78		9000.64		9033.12		9053.63		9036.69		9052.76		9052.10		9059.09	9067.49	9041.17	9045.85	9050.86	9030.13	9008.93	9008.81	8990.02
230	12017.85	12024.04	12053.96	12073.60	12050.93	12067.74	12066.44	12074.36 12083.48 12052.77 12059.81 12067.10 12045.03 12024.73 12032.50 12022.41
240	14334.99	14350.65	14366.95	14377.53	14370.67	14378.87	14378.73	14381.78 14385.23 14372.71 14373.59 14375.05 14364.15 14353.26 14351.21	14334.80
250	14863.72	14883.58	14892.56	14897.78	14899.14	14902.08	14903.18	14903.76 14904.06 14901.31 14898.98 14897.38 14892.73 14886.68 14879.38	14861.60
260	14925.48	14944.68	14952.08	14955.99	14958.41	14960.24	14960.86	14960.88 14960.85 14959.20 14956.69 14955.12 14951.25 14946.43 14939.47	14922.05
270	14937.00	14955.18	14962.20	14965.41	14967.56	14968.97	14969.93	14969.68 14969.14 14967.77 14965.52 14963.44 14960.39 14955.77 14949.05	14932.29
280	14942.43	14960.43	14967.09	14970.32	14971.83	14973.53	14973.99	14973.67 14972.94 14971.36 14969.54 14967.62 14964.53 14960.31 14953.54	14938.08
290	14947.27	14965.02	14971.67	14974.67	14976.36	14977.52	14978.00	14977.55 14977.01 14975.97 14973.48 14972.20 14968.67 14964.71 14958.10	14942.52
300	14950.27	14968.28	14974.51	14977.74	14979.43	14980.63	14981.10	14980.72 14980.09 14978.77 14976.57 14974.92 14971.90 14967.81 14961.69	14946.05
320	14954.42	14972.67	14978.74	14982.22	14984.06	14985.38	14985.93	14985.44 14985.27 14983.97 14981.74 14980.43 14977.20 14973.18 14966.73	14951.22
340	14957.93	14975.61	14982.37	14985.58	14987.48	14988.75	14989.42	14989.30 14988.70 14987.39 14985.61 14984.11 14980.72 14977.03 14970.60	14955.37
360	14959.98	14977.88	14984.57	14988.26	14989.95	14991.05	14991.98	14991.62 14991.17 14990.16 14988.10 14986.78 14983.54 14980.21 14973.70	14957.95
380	14961.41	14979.48	14985.77	14989.42	14991.25	14993.02	14993.62	14993.13 14992.85 14991.80 14990.24 14988.49 14985.45 14981.61 14975.47	14960.32
400	14962.55	14980.74	14987.61	14991.04	14993.16	14994.71	14995.50	14995.27 14995.09 14993.94 14991.99 14990.54 14987.53 14983.93 14977.69	14962.48
420	14963.24	14981.60	14988.33	14991.97	14994.09	14995.56	14996.62	14996.46 14996.37 14995.26 14993.43 14991.98 14989.05 14985.38 14979.27	14964.04
440	14963.97	14982.46	14989.21	14992.90	14995.03	14996.59	14997.65	14997.53 14997.57 14996.58 14994.89 14993.40 14990.43 14986.69 14980.55	14965.26
460	14964.93	14983.40	14990.14	14993.91	14996.21	14997.75	14998.84	14998.82 14998.89 14997.98 14996.35 14994.91 14991.96 14988.27 14982.04	14966.74
480	14965.71	14984.19	14991.05	14994.84	14997.02	14998.60	14999.92	14999.92 15000.04 14999.25 14997.56 14996.12 14993.25 14989.51 14983.34	14967.97
500	14966.13	14984.75	14991.63	14995.63	14997.80	14999.41	15000.58	15000.67 15000.89 15000.05 14998.52 14997.17 14994.36 14990.52 14984.31	14968.93
520	14966.75	14985.52	14992.53	14996.35	14998.65	15000.34	15001.62	15001.73 15001.95 15001.08 14999.54 14998.18 14995.27 14991.57 14985.34	14969.90
540	14967.53	14986.51	14993.63	14997.45	14999.80	15001.53	15002.75	15003.00 15003.12 15002.39 15000.73 14999.41 14996.51 14992.88 14986.50	14971.06
560	14968.64	14987.53	14994.58	14998.46	15000.77	15002.43	15003.87	15003.94 15004.19 15003.43 15001.63 15000.30 14997.37 14993.69 14987.41	14972.01
580	14969.54	14988.26	14995.32	14999.25	15001.44	15003.33	15004.49	15004.81 15004.78 15003.91 15002.38 15000.94 14998.05 14994.26 14987.93	14972.72
600	14970.18	14989.16	14996.10	14999.93	15002.19	15003.90	15005.19	15005.32 15005.49 15004.55 15003.00 15001.56 14998.59 14994.79 14988.65	14973.17
620	14971.02	14989.81	14996.92	15000.76	15003.06	15004.67	15005.90	15006.09 15006.12 15005.20 15003.59 15002.17 14999.22 14995.33 14989.07	14973.75
640	14971.65	14990.64	14997.72	15001.71	15003.82	15005.45	15006.67	15006.86 15006.98 15006.01 15004.33 15002.93 14999.85 14996.23 14989.83	14974.41
660	14971.93	14990.89	14997.98	15001.96	15004.25	15005.80	15007.04	15007.12 15007.20 15006.23 15004.46 15003.10 15000.10 14996.19 14989.90	14974.55
680	14972.27	14991.18	14998.49	15002.29	15004.60	15006.19	15007.43	15007.47 15007.63 15006.68 15004.81 15003.31 15000.25 14996.52 14990.12	14974.82
700	14972.14	14991.33	14998.55	15002.46	15004.82	15006.31	15007.69	15007.62 15007.80 15006.80 15004.88 15003.38 15000.27 14996.38 14990.05	14974.74
720	14972.47	14991.48	14998.51	15002.38	15004.69	15006.34	15007.65	15007.63 15007.68 15006.81 15004.84 15003.27 15000.26 14996.48 14990.08	14974.78
740	14972.52	14991.61	14998.75	15002.42	15004.67	15006.43	15007.53	15007.61 15007.56 15006.56 15004.72 15003.13 15000.06 14996.31 14989.94	14974.63
760	14972.47	14991.42	14998.54	15002.36	15004.54	15006.12	15007.38	15007.40 15007.38 15006.36 15004.44 15002.90 14999.88 14996.02 14989.64	14974.27
780	14972.33	14991.28	14998.24	15002.05	15004.47	15005.89	15007.11	15006.99 15007.03 15005.93 15004.10 15002.59 14999.43 14995.78 14989.35	14973.96
800	14971.91	14990.81	14997.82	15001.56	15003.79	15005.37	15006.61	15006.52 15006.54 15005.45 15003.54 15001.98 14998.88 14995.07 14988.76	14973.54
820	14971.17	14990.08	14997.07	15000.85	15003.05	15004.70	15005.81	15005.71 15005.78 15004.57 15002.77 15001.15 14998.07 14994.21 14987.90	14972.66
840	14970.44	14989.56	14996.53	15000.21	15002.42	15003.94	15005.09	15005.14 15005.04 15003.93 15002.00 15000.38 14997.34 14993.68 14987.28	14972.00
860	14969.81	14988.82	14995.76	14999.60	15001.68	15003.24	15004.33	15004.14 15004.05 15002.97 15001.14 14999.61 14996.42 14992.75 14986.37	14971.26
880	14969.60	14988.43	14995.41	14999.02	15001.20	15002.52	15003.77	15003.43 15003.45 15002.32 15000.41 14998.82 14995.71 14992.00 14985.71	14970.51
900	14969.26	14987.95	14994.69	14998.31	15000.29	15001.68	15002.94	15002.49 15002.42 15001.28 14999.38 14997.93 14994.74 14990.99 14984.78	14969.56
920	14969.02	14987.53	14994.15	14997.58	14999.54	15000.84	15001.91	15001.52 15001.45 15000.24 14998.24 14996.72 14993.70 14990.07 14983.83	14968.64
940	14968.46	14986.81	14993.19	14996.57	14998.57	14999.71	15000.72	15000.31 15000.17 14998.99 14996.99 14995.44 14992.47 14988.85 14982.61	14967.53
960	14967.37	14985.53	14992.12	14995.51	14997.35	14998.70	14999.52	14999.08 14998.89 14997.64 14995.60 14994.15 14991.15 14987.61 14981.44	14966.46
980	14966.77	14984.71	14991.09	14994.38	14996.30	14997.33	14998.25	14997.65 14997.40 14996.18 14994.15 14992.61 14989.60 14986.10 14980.15	14965.01
1000	14965.83	14983.89	14990.13	14993.45	14995.00	14996.11	14996.86	14996.18 14995.96 14994.63 14992.64 14991.06 14988.20 14984.49 14978.58	14963.53
1020	14964.81	14982.76	14988.73	14991.73	14993.28	14994.26	14994.95	14994.24 14993.96 14992.64 14990.67 14989.05 14986.24 14982.50 14976.50	14961.58
1040	14963.01	14981.05	14986.90	14989.90	14991.40	14992.32	14993.00	14992.27 14991.89 14990.63 14988.72 14986.93 14984.01 14980.31 14974.16	14959.17
1060	14961.23	14979.06	14985.04	14988.11	14989.62	14990.33	14991.07	14990.29 14990.10 14988.75 14986.64 14984.96 14981.91 14978.29 14972.00	14956.97
1080	14958.43	14976.18	14981.96	14984.86	14986.39	14987.10	14987.92	14987.03 14986.69 14985.26 14983.24 14981.52 14978.43 14974.51 14968.22	14953.15
1100	14954.29	14971.88	14977.66	14980.58	14982.00	14982.90	14983.69	14982.83 14982.55 14981.23 14979.10 14977.13 14974.07 14970.04 14963.58	14948.29
1110	14951.53	14969.03	14974.94	14977.83	14979.41	14980.36	14981.26	14980.39 14980.04 14978.59 14976.42 14974.63 14971.39 14967.38 14960.80	14945.36
1120	14946.79	14964.58	14970.58	14973.57	14975.28	14976.44	14977.38	14976.57 14976.50 14975.09 14972.77 14970.80 14967.62 14963.40 14956.68	14941.00
1130	14941.47	14959.62	14965.90	14969.19	14971.17	14972.42	14973.49	14973.07 14972.92 14971.39 14969.12 14967.13 14963.75 14959.46 14952.48	14936.31
1140	14930.33	14949.35	14956.12	14959.70	14962.16	14963.69	14965.10	14964.67 14964.58 14963.38 14960.99 14958.92 14955.23 14950.67 14942.99	14926.00
1150	14873.12	14894.75	14901.81	14905.72	14909.72	14911.12	14913.00	14912.56 14912.32 14912.38 14909.41 14906.86 14903.66 14899.12 14890.00	14870.76
1160	14379.36	14412.08	14415.42	14416.52	14430.05	14427.72	14431.36	14429.00 14426.45 14436.28 14431.23 14425.99 14428.98 14428.52 14413.32	14386.29
1170	12118.33	12170.72	12165.53	12160.64	12192.52	12181.61	12188.15	12181.71 12173.93 12203.52 12193.51 12182.73 12198.31 12206.42 12178.10	12138.05
1180	9075.35		9131.70		9134.22		9133.69		9163.82		9155.36		9161.41		9156.01	 9149.28  9174.30  9164.98  9154.62  9165.62  9169.17  9137.81	9092.64
1190	6753.84		6813.34		6827.68		6835.15		6861.87		6858.64		6864.76		6861.44	 6856.59  6873.82  6865.47  6855.24  6858.25  6853.31  6818.71	6768.00
1200	5079.47		5141.74		5165.99		5181.20		5207.14		5208.94		5216.01		5214.66	 5211.22  5222.43  5214.08  5202.73  5198.50  5185.43  5146.62	5091.21
1210	3882.13		3943.57		3974.29		3995.09		4020.80		4026.94		4035.06		4035.31	 4033.05  4039.67  4030.83  4018.25  4008.24  3989.14  3948.18	3892.05
1220	3027.11		3084.24		3117.19		3140.74		3166.06		3174.95		3183.83		3185.37	 3183.83  3187.42  3178.12  3164.72  3151.08  3128.94  3088.57	3035.27
1230	2400.50		2451.49		2483.63		2507.56		2531.79		2542.07		2551.24		2553.51	 2552.50  2554.13  2544.69  2531.26  2515.91  2493.08  2455.23	2407.09
1240	1926.10		1970.35		1999.97		2022.67		2045.08		2055.69		2064.75		2067.34	 2066.66  2067.10  2058.00  2045.07  2029.54  2007.62  1973.50	1931.40
1250	1556.95		1594.67		1620.99		1641.55		1661.84		1671.99		1680.43		1683.16	 1682.69  1682.43  1673.96  1661.99  1647.33  1627.26  1597.31	1561.21
1260	1260.93		1292.67		1315.46		1333.59		1351.49		1360.79		1368.47		1371.01	 1370.74  1370.17  1362.49  1351.84  1338.49  1320.74  1294.96	1264.43
1270	1019.80		1046.28		1065.67		1081.27		1096.83		1105.02		1111.82		1114.14	 1113.92  1113.25  1106.52  1097.20  1085.49  1070.18  1048.34	1022.81
1280	821.17		843.08		859.31		872.51		885.85		892.85		898.69		900.74	 900.60	  899.92   894.09   886.16   876.13   863.17   844.90	823.78
1290	657.32		675.20		688.60		699.63		710.81		716.67		721.61		723.34	 723.25	  722.65   717.73   711.09   702.66   691.92   676.84	659.60
1300	522.35		536.81		547.70		556.71		566.02		570.84		575.03		576.33	 576.30	  575.75   571.73   566.30   559.29   550.56   538.30	524.41
1310	412.64		424.11		432.84		440.06		447.68		451.53		454.96		456.00	 456.02	  455.56   452.26   447.89   442.20   435.18   425.35	414.34
1320	324.47		333.49		340.34		346.08		352.23		355.22		358.01		358.74	 358.77	  358.38   355.71   352.28   347.72   342.17   334.41	325.70
1330	254.63		261.60		266.93		271.40		276.35		278.61		280.87		281.34	 281.40	  281.07   278.94   276.28   272.62   268.28   262.20	255.46
1340	199.92		205.26		209.35		212.80		216.73		218.39		220.20		220.48	 220.54	  220.23   218.55   216.45   213.59   210.19   205.46	200.23
1350	157.26		161.33		164.46		167.13		170.26		171.43		172.89		172.99	 173.04	  172.75   171.44   169.82   167.49   164.84   161.25	157.19
1360	124.01		127.10		129.49		131.52		134.01		134.83		136.02		135.94	 135.92	  135.71   134.63   133.38   131.53   129.50   126.65	123.54
1370	98.07		100.39		102.21		103.78		105.82		106.37		107.31		107.14	 107.19	  106.96   106.13   105.16   103.69   102.11   99.90	97.53
1380	77.87		79.65		81.00		82.21		83.86		84.18		84.99		84.72	 84.75	  84.55	   83.86    83.14    81.96    80.76    79.04	77.23
1390	62.06		63.36		64.42		65.33		66.69		66.84		67.53		67.19	 67.24	  67.01	   66.49    65.97    64.95    63.99    62.63	61.25
1400	49.54		50.57		51.36		52.06		53.20		53.25		53.87		53.44	 53.51	  53.31	   52.86    52.47    51.64    50.89    49.82	48.80
