  -41.64713      -5.475826    
  -35.59145      -5.474885    
  -29.53828      -5.473189    
  -68.91090     -0.4314181    
  -73.45573     -0.1706897    
  -68.91090     -0.4314181    
  -71.18336     -0.2716348    
  -73.45581     -0.1706870    
  -73.45578     -0.1706880    
  -75.72813     -0.1085540    
  -77.99899     -7.0630118E-02
  -71.94308     -0.2323629    
  -65.88717     -0.8044735    
  -77.99899     -7.0630118E-02
  -74.97104     -0.1259805    
  -71.94308     -0.2323625    
  -71.94308     -0.2323625    
  -68.91513     -0.4310337    
  -65.88718     -0.8044722    
  -71.94308     -0.2323625    
  -70.42911     -0.3167609    
  -68.91513     -0.4310337    
  -68.91513     -0.4310337    
  -67.40115     -0.5868686    
  -65.88718     -0.8044722    
  -65.88718     -0.8044722    
  -59.83127      -3.874649    
  -53.77589      -5.469130    
  -65.88718     -0.8044722    
  -62.85922      -1.640852    
  -59.83128      -3.874632    
  -65.88718     -0.8044722    
  -64.37320      -1.126474    
  -62.85922      -1.640852    
  -62.85922      -1.640852    
  -61.34525      -2.503980    
  -59.83128      -3.874632    
  -62.85922      -1.640852    
  -62.10223      -2.014121    
  -61.34525      -2.503980    
  -61.34525      -2.503980    
  -60.58826      -3.120670    
  -59.83128      -3.874640    
  -59.83128      -3.874640    
  -59.07430      -4.662365    
  -58.31731      -5.193925    
  -58.31731      -5.193925    
  -57.56034      -5.407202    
  -56.80338      -5.456504    
  -56.80338      -5.456504    
  -56.04641      -5.467002    
  -55.28946      -5.468451    
  -55.28946      -5.468451    
  -54.53252      -5.468670    
  -53.77557      -5.469130    
  -53.77557      -5.469130    
  -47.72044      -5.472364    
  -41.66689      -5.475826    
  -44.13705      -5.476015    
  -50.18933      -5.469422    
  -56.23256      -5.465601    
  -53.77125      -5.469133    
  -47.71503      -5.472384    
  -41.66040      -5.475826    
  -53.77164      -5.469133    
  -47.71554      -5.472382    
  -41.66101      -5.475826    
  -56.59160      -5.461449    
  -62.64230      -1.738156    
  -68.69623     -0.4509020    
  -56.59160      -5.461449    
  -59.61809      -4.101951    
  -62.64337      -1.737677    
  -56.59160      -5.461449    
  -58.10513      -5.282948    
  -59.61812      -4.101918    
  -56.59160      -5.461449    
  -57.34843      -5.428420    
  -58.10513      -5.282948    
  -58.10513      -5.282948    
  -58.86169      -4.843054    
  -59.61812      -4.101918    
  -59.61812      -4.101918    
  -60.37444      -3.322436    
  -61.13068      -2.664232    
  -61.13066      -2.664244    
  -61.88681      -2.141030    
  -62.64293      -1.737875    
  -62.64291      -1.737882    
  -63.39897      -1.426237    
  -64.15498      -1.186061    
  -64.15498      -1.186061    
  -64.91096     -0.9957312    
  -65.66693     -0.8437908    
  -65.66692     -0.8437935    
  -66.42285     -0.7182381    
  -67.17877     -0.6145912    
  -67.17876     -0.6145931    
  -67.93465     -0.5264158    
  -68.69054     -0.4514185    
  -31.71349      -5.473378    
  -37.76534      -5.475173    
  -43.80907      -5.475944    
  -44.11729      -5.476015    
  -50.16859      -5.469424    
  -56.21083      -5.465764    
  -7.099533      -5.474132    
  -13.15324      -5.472813    
  -19.20071      -5.474205    
  -44.14490      -5.476015    
  -50.19756      -5.469423    
  -56.24117      -5.465536    
  -41.65309      -5.475826    
  -35.59840      -5.474885    
  -29.54623      -5.473188    
  -19.38120      -5.474267    
  -25.43408      -5.473567    
  -31.47980      -5.473378    
  -17.33556      -5.473315    
  -11.28053      -5.473249    
  -5.229858      -5.474133    
  -44.12170      -5.476015    
  -50.17322      -5.469423    
  -56.21568      -5.465728    
  -44.11868      -5.476015    
  -50.17004      -5.469424    
  -56.21236      -5.465753    
  -56.62459      -5.460678    
  -62.67677      -1.722694    
  -68.73222     -0.4476356    
  -56.62459      -5.460678    
  -59.65182      -4.065979    
  -62.67787      -1.722201    
  -56.62459      -5.460678    
  -58.13849      -5.268953    
  -59.65184      -4.065963    
  -56.62459      -5.460678    
  -57.38161      -5.426184    
  -58.13849      -5.268953    
  -58.13849      -5.268953    
  -58.89523      -4.817626    
  -59.65186      -4.065946    
  -59.65184      -4.065963    
  -60.40834      -3.288725    
  -61.16478      -2.638762    
  -61.16476      -2.638773    
  -61.92111      -2.119093    
  -62.67741      -1.722406    
  -62.67740      -1.722413    
  -63.43364      -1.413076    
  -64.18985      -1.176540    
  -64.18985      -1.176540    
  -64.94601     -0.9875337    
  -65.70218     -0.8374987    
  -65.70216     -0.8375014    
  -66.45828     -0.7127007    
  -67.21439     -0.6101525    
  -67.21439     -0.6101525    
  -67.97047     -0.5224499    
  -68.72655     -0.4481508    
  -56.61572      -5.460884    
  -62.66751      -1.726845    
  -68.72255     -0.4485146    
  -56.61572      -5.460884    
  -59.64275      -4.075655    
  -62.66861      -1.726353    
  -56.61572      -5.460884    
  -58.12952      -5.272715    
  -59.64278      -4.075623    
  -56.61572      -5.460884    
  -57.37270      -5.426783    
  -58.12952      -5.272715    
  -58.12952      -5.272715    
  -58.88620      -4.824471    
  -59.64278      -4.075623    
  -59.64278      -4.075623    
  -60.39923      -3.297779    
  -61.15561      -2.645606    
  -61.15559      -2.645617    
  -61.91188      -2.124992    
  -62.66814      -1.726565    
  -62.66812      -1.726572    
  -63.42432      -1.416613    
  -64.18047      -1.179101    
  -64.18047      -1.179101    
  -64.93658     -0.9897376    
  -65.69269     -0.8391929    
  -65.69269     -0.8391929    
  -66.44876     -0.7141886    
  -67.20482     -0.6113458    
  -67.20482     -0.6113458    
  -67.96086     -0.5235161    
  -68.71687     -0.4490298    
  -29.50774      -5.473186    
  -23.45284      -5.473775    
  -17.40137      -5.473339    
  -5.136032      -5.474133    
 -0.9184723      -5.474133    
  -6.967682      -5.474133    
  -53.77145      -5.469133    
  -47.71529      -5.472382    
  -41.66072      -5.475826    
  -7.104645      -5.474131    
  -13.15872      -5.472813    
  -19.20657      -5.474205    
  -77.99899     -7.0631817E-02
  -71.94337     -0.2323484    
  -65.88774     -0.8043694    
  -77.99899     -7.0631817E-02
  -74.97118     -0.1259784    
  -71.94337     -0.2323484    
  -71.94337     -0.2323484    
  -68.91556     -0.4309948    
  -65.88774     -0.8043694    
  -71.94337     -0.2323484    
  -70.42946     -0.3167388    
  -68.91556     -0.4309948    
  -68.91556     -0.4309948    
  -67.40165     -0.5868061    
  -65.88775     -0.8043680    
  -65.88775     -0.8043680    
  -59.83213      -3.873719    
  -53.77704      -5.469131    
  -65.88775     -0.8043680    
  -62.85994      -1.640525    
  -59.83215      -3.873702    
  -65.88775     -0.8043680    
  -64.37384      -1.126297    
  -62.85994      -1.640525    
  -62.85994      -1.640525    
  -61.34604      -2.503375    
  -59.83214      -3.873710    
  -62.85994      -1.640525    
  -62.10299      -2.013710    
  -61.34604      -2.503375    
  -61.34604      -2.503375    
  -60.58909      -3.119934    
  -59.83214      -3.873710    
  -59.83214      -3.873710    
  -59.07520      -4.661438    
  -58.31825      -5.193525    
  -58.31825      -5.193525    
  -57.56132      -5.407021    
  -56.80438      -5.456478    
  -56.80438      -5.456478    
  -56.04745      -5.466995    
  -55.29053      -5.468452    
  -55.29053      -5.468452    
  -54.53362      -5.468672    
  -53.77673      -5.469131    
  -41.64799      -5.475826    
  -35.59247      -5.474885    
  -29.53944      -5.473187    
  -7.088425      -5.474133    
  -13.14136      -5.472813    
  -19.18806      -5.474199    
  -44.13629      -5.476015    
  -50.18852      -5.469423    
  -56.23172      -5.465607    
  -19.38232      -5.474276    
  -25.43529      -5.473567    
  -31.48106      -5.473378    
  -77.99899     -7.0631564E-02
  -71.94318     -0.2323595    
  -65.88736     -0.8044410    
  -77.99899     -7.0631564E-02
  -74.97108     -0.1259807    
  -71.94318     -0.2323595    
  -71.94318     -0.2323595    
  -68.91527     -0.4310230    
  -65.88736     -0.8044410    
  -71.94318     -0.2323595    
  -70.42922     -0.3167560    
  -68.91527     -0.4310230    
  -68.91527     -0.4310230    
  -67.40131     -0.5868517    
  -65.88736     -0.8044410    
  -65.88736     -0.8044410    
  -59.83155      -3.874350    
  -53.77627      -5.469131    
  -65.88736     -0.8044410    
  -62.85945      -1.640749    
  -59.83156      -3.874341    
  -65.88736     -0.8044410    
  -64.37341      -1.126418    
  -62.85945      -1.640749    
  -62.85945      -1.640749    
  -61.34550      -2.503792    
  -59.83156      -3.874341    
  -62.85945      -1.640749    
  -62.10248      -2.013989    
  -61.34550      -2.503792    
  -61.34550      -2.503792    
  -60.58852      -3.120439    
  -59.83155      -3.874350    
  -59.83155      -3.874350    
  -59.07458      -4.662078    
  -58.31761      -5.193799    
  -58.31761      -5.193799    
  -57.56065      -5.407146    
  -56.80370      -5.456494    
  -56.80370      -5.456494    
  -56.04675      -5.467000    
  -55.28980      -5.468452    
  -55.28980      -5.468452    
  -54.53287      -5.468670    
  -53.77595      -5.469131    
  -53.77594      -5.469131    
  -47.72091      -5.472375    
  -41.66745      -5.475826    
  -77.99899     -7.0631817E-02
  -71.94234     -0.2324007    
  -65.88569     -0.8047387    
  -77.99899     -7.0631817E-02
  -74.97066     -0.1259919    
  -71.94234     -0.2324007    
  -71.94234     -0.2324007    
  -68.91401     -0.4311371    
  -65.88568     -0.8047401    
  -71.94234     -0.2324007    
  -70.42818     -0.3168257    
  -68.91401     -0.4311371    
  -68.91401     -0.4311371    
  -67.39985     -0.5870338    
  -65.88568     -0.8047401    
  -65.88568     -0.8047401    
  -59.82903      -3.877031    
  -53.77291      -5.469132    
  -65.88568     -0.8047401    
  -62.85735      -1.641689    
  -59.82905      -3.877015    
  -65.88568     -0.8047401    
  -64.37152      -1.126932    
  -62.85736      -1.641686    
  -62.85736      -1.641686    
  -61.34320      -2.505505    
  -59.82905      -3.877015    
  -62.85736      -1.641686    
  -62.10028      -2.015159    
  -61.34320      -2.505505    
  -61.34320      -2.505505    
  -60.58612      -3.122531    
  -59.82905      -3.877015    
  -59.82905      -3.877015    
  -59.07198      -4.664731    
  -58.31490      -5.194933    
  -58.31490      -5.194933    
  -57.55784      -5.407658    
  -56.80077      -5.456563    
  -56.80077      -5.456563    
  -56.04372      -5.467023    
  -55.28667      -5.468454    
  -55.28667      -5.468454    
  -54.52963      -5.468670    
  -53.77261      -5.469132    
  -53.77261      -5.469132    
  -47.71674      -5.472381    
  -41.66245      -5.475826    
  -41.64522      -5.475826    
  -35.58922      -5.474885    
  -29.53574      -5.473187    
  -77.99899     -7.0631817E-02
  -71.94366     -0.2323354    
  -65.88834     -0.8042651    
  -77.99899     -7.0631817E-02
  -74.97133     -0.1259746    
  -71.94366     -0.2323354    
  -71.94366     -0.2323354    
  -68.91600     -0.4309566    
  -65.88834     -0.8042651    
  -71.94366     -0.2323354    
  -70.42983     -0.3167155    
  -68.91600     -0.4309566    
  -68.91600     -0.4309566    
  -67.40217     -0.5867451    
  -65.88834     -0.8042665    
  -65.88834     -0.8042665    
  -59.83302      -3.872787    
  -53.77823      -5.469130    
  -65.88834     -0.8042665    
  -62.86068      -1.640198    
  -59.83303      -3.872771    
  -65.88834     -0.8042665    
  -64.37450      -1.126118    
  -62.86068      -1.640198    
  -62.86068      -1.640198    
  -61.34686      -2.502777    
  -59.83303      -3.872771    
  -62.86068      -1.640198    
  -62.10377      -2.013301    
  -61.34686      -2.502777    
  -61.34686      -2.502777    
  -60.58994      -3.119202    
  -59.83303      -3.872771    
  -59.83303      -3.872771    
  -59.07612      -4.660504    
  -58.31922      -5.193123    
  -58.31921      -5.193126    
  -57.56232      -5.406842    
  -56.80542      -5.456454    
  -56.80542      -5.456454    
  -56.04853      -5.466987    
  -55.29165      -5.468451    
  -55.29165      -5.468451    
  -54.53477      -5.468670    
  -53.77792      -5.469130    
  -17.33841      -5.473315    
  -11.28368      -5.473243    
  -5.233292      -5.474131    
  -31.72032      -5.473378    
  -37.77255      -5.475175    
  -43.81665      -5.475945    
  -7.101151      -5.474134    
  -13.15498      -5.472811    
  -19.20259      -5.474195    
  -31.71002      -5.473378    
  -37.76169      -5.475172    
  -43.80522      -5.475942    
  -44.13762      -5.476015    
  -50.18991      -5.469420    
  -56.23315      -5.465597    
  -7.085297      -5.474131    
  -13.13802      -5.472813    
  -19.18449      -5.474200    
  -7.095078      -5.474131    
  -13.14848      -5.472813    
  -19.19565      -5.474204    
  -29.51210      -5.473188    
  -23.45775      -5.473770    
  -17.40683      -5.473341    
  -41.64568      -5.475826    
  -35.58977      -5.474885    
  -29.53636      -5.473188    
  -41.65138      -5.475826    
  -35.59642      -5.474885    
  -29.54396      -5.473186    
  -31.71605      -5.473378    
  -37.76804      -5.475174    
  -43.81190      -5.475945    
  -56.60919      -5.461036    
  -62.66069      -1.729907    
  -68.71544     -0.4491611    
  -56.60919      -5.461036    
  -59.63608      -4.082771    
  -62.66177      -1.729421    
  -56.60919      -5.461036    
  -58.12292      -5.275482    
  -59.63611      -4.082738    
  -56.60919      -5.461036    
  -57.36612      -5.427227    
  -58.12292      -5.275482    
  -58.12292      -5.275482    
  -58.87958      -4.829495    
  -59.63611      -4.082738    
  -59.63611      -4.082738    
  -60.39252      -3.304461    
  -61.14886      -2.650648    
  -61.14886      -2.650648    
  -61.90512      -2.129318    
  -62.66133      -1.729619    
  -62.66133      -1.729619    
  -63.41748      -1.419210    
  -64.17361      -1.180973    
  -64.17360      -1.180977    
  -64.92969     -0.9913524    
  -65.68575     -0.8404338    
  -65.68575     -0.8404338    
  -66.44177     -0.7152825    
  -67.19780     -0.6122228    
  -67.19780     -0.6122228    
  -67.95380     -0.5243003    
  -68.70979     -0.4496736    
  -56.62068      -5.460768    
  -62.67270      -1.724509    
  -68.72797     -0.4480172    
  -56.62068      -5.460768    
  -59.64783      -4.070211    
  -62.67380      -1.724016    
  -56.62068      -5.460768    
  -58.13454      -5.270601    
  -59.64786      -4.070178    
  -56.62068      -5.460768    
  -57.37769      -5.426441    
  -58.13454      -5.270601    
  -58.13454      -5.270601    
  -58.89125      -4.820629    
  -59.64786      -4.070178    
  -59.64784      -4.070194    
  -60.40433      -3.292682    
  -61.16074      -2.641753    
  -61.16072      -2.641764    
  -61.91704      -2.121676    
  -62.67332      -1.724229    
  -62.67331      -1.724236    
  -63.42953      -1.414620    
  -64.18571      -1.177662    
  -64.18571      -1.177662    
  -64.94186     -0.9884953    
  -65.69800     -0.8382374    
  -65.69798     -0.8382401    
  -66.45409     -0.7133488    
  -67.21017     -0.6106686    
  -67.21016     -0.6106705    
  -67.96622     -0.5229121    
  -68.72227     -0.4485338    
  -7.099747      -5.474131    
  -13.15347      -5.472813    
  -19.20097      -5.474205    
  -56.60309      -5.461179    
  -62.65433      -1.732762    
  -68.70879     -0.4497639    
  -56.60309      -5.461179    
  -59.62984      -4.089424    
  -62.65540      -1.732282    
  -56.60309      -5.461179    
  -58.11674      -5.278075    
  -59.62987      -4.089391    
  -56.60309      -5.461179    
  -57.35999      -5.427641    
  -58.11674      -5.278075    
  -58.11674      -5.278075    
  -58.87337      -4.834204    
  -59.62987      -4.089391    
  -59.62987      -4.089391    
  -60.38625      -3.310695    
  -61.14256      -2.655355    
  -61.14255      -2.655366    
  -61.89877      -2.133379    
  -62.65495      -1.732481    
  -62.65494      -1.732488    
  -63.41106      -1.421649    
  -64.16714      -1.182739    
  -64.16714      -1.182739    
  -64.92319     -0.9928727    
  -65.67923     -0.8415964    
  -65.67921     -0.8415990    
  -66.43521     -0.7163073    
  -67.19119     -0.6130452    
  -67.19119     -0.6130452    
  -67.94716     -0.5250335    
  -68.70311     -0.4502791    
  -77.99899     -7.0631705E-02
  -71.94345     -0.2323460    
  -65.88790     -0.8043444    
  -77.99899     -7.0631705E-02
  -74.97122     -0.1259773    
  -71.94345     -0.2323460    
  -71.94345     -0.2323460    
  -68.91568     -0.4309857    
  -65.88791     -0.8043430    
  -71.94345     -0.2323460    
  -70.42957     -0.3167333    
  -68.91568     -0.4309857    
  -68.91568     -0.4309857    
  -67.40179     -0.5867920    
  -65.88791     -0.8043430    
  -65.88791     -0.8043430    
  -59.83237      -3.873479    
  -53.77736      -5.469131    
  -65.88791     -0.8043430    
  -62.86014      -1.640441    
  -59.83238      -3.873463    
  -65.88791     -0.8043430    
  -64.37402      -1.126250    
  -62.86014      -1.640441    
  -62.86014      -1.640441    
  -61.34625      -2.503228    
  -59.83238      -3.873463    
  -62.86014      -1.640441    
  -62.10320      -2.013606    
  -61.34625      -2.503228    
  -61.34625      -2.503228    
  -60.58931      -3.119755    
  -59.83237      -3.873471    
  -59.83237      -3.873471    
  -59.07544      -4.661198    
  -58.31850      -5.193424    
  -58.31850      -5.193424    
  -57.56158      -5.406977    
  -56.80466      -5.456472    
  -56.80466      -5.456472    
  -56.04774      -5.466993    
  -55.29083      -5.468451    
  -55.29083      -5.468451    
  -54.53394      -5.468670    
  -53.77705      -5.469131    
  -5.147079      -5.474131    
 -0.9065247      -5.474131    
  -6.954819      -5.474131    
  -68.91896     -0.4306839    
  -73.45976     -0.1705467    
  -68.91896     -0.4306839    
  -71.18941     -0.2713006    
  -73.45984     -0.1705439    
  -73.45981     -0.1705450    
  -75.73016     -0.1085132    
  -77.99899     -7.0631817E-02
  -71.94346     -0.2323457    
  -65.88792     -0.8043404    
  -77.99899     -7.0631817E-02
  -74.97122     -0.1259774    
  -71.94346     -0.2323457    
  -71.94346     -0.2323457    
  -68.91569     -0.4309851    
  -65.88792     -0.8043404    
  -71.94346     -0.2323457    
  -70.42957     -0.3167330    
  -68.91569     -0.4309851    
  -68.91569     -0.4309851    
  -67.40180     -0.5867911    
  -65.88792     -0.8043404    
  -65.88792     -0.8043404    
  -59.83240      -3.873447    
  -53.77739      -5.469131    
  -65.88792     -0.8043404    
  -62.86016      -1.640431    
  -59.83241      -3.873438    
  -65.88792     -0.8043404    
  -64.37404      -1.126245    
  -62.86016      -1.640431    
  -62.86016      -1.640431    
  -61.34628      -2.503205    
  -59.83241      -3.873438    
  -62.86016      -1.640431    
  -62.10322      -2.013594    
  -61.34628      -2.503205    
  -61.34628      -2.503205    
  -60.58935      -3.119721    
  -59.83241      -3.873438    
  -59.83241      -3.873438    
  -59.07547      -4.661166    
  -58.31854      -5.193408    
  -58.31854      -5.193408    
  -57.56161      -5.406970    
  -56.80470      -5.456471    
  -56.80470      -5.456471    
  -56.04778      -5.466992    
  -55.29087      -5.468451    
  -55.29087      -5.468451    
  -54.53397      -5.468670    
  -53.77708      -5.469131    
  -5.141190      -5.474131    
 -0.9129028      -5.474131    
  -6.961685      -5.474131    
  -53.77077      -5.469131    
  -47.71444      -5.472365    
  -41.65968      -5.475826    
  -17.33994      -5.473318    
  -11.28535      -5.473244    
  -5.235123      -5.474131    
  -7.086807      -5.474131    
  -13.13962      -5.472813    
  -19.18619      -5.474199    
  -31.72958      -5.473378    
  -37.78232      -5.475179    
  -43.82692      -5.475949    
  -41.64821      -5.475826    
  -35.59271      -5.474885    
  -29.53973      -5.473188    
  -68.89809     -0.4325820    
  -73.44933     -0.1709201    
  -68.89809     -0.4325820    
  -71.17375     -0.2721645    
  -73.44940     -0.1709173    
  -73.44937     -0.1709184    
  -75.72493     -0.1086220    
  -7.094650      -5.474133    
  -13.14803      -5.472812    
  -19.19516      -5.474196    
  -68.89502     -0.4328602    
  -73.44778     -0.1709744    
  -68.89502     -0.4328602    
  -71.17146     -0.2722897    
  -73.44788     -0.1709712    
  -73.44785     -0.1709723    
  -75.72418     -0.1086374    
  -41.64877      -5.475826    
  -35.59338      -5.474885    
  -29.54048      -5.473188    
  -7.097366      -5.474133    
  -13.15092      -5.472813    
  -19.19824      -5.474202    
  -31.73164      -5.473378    
  -37.78448      -5.475180    
  -43.82921      -5.475951    
  -17.34665      -5.473320    
  -11.29274      -5.473235    
  -5.243195      -5.474131    
  -56.61922      -5.460802    
  -62.67117      -1.725204    
  -68.72638     -0.4481682    
  -56.61922      -5.460802    
  -59.64633      -4.071837    
  -62.67226      -1.724719    
  -56.61922      -5.460802    
  -58.13306      -5.271232    
  -59.64635      -4.071821    
  -56.61922      -5.460802    
  -57.37621      -5.426548    
  -58.13306      -5.271232    
  -58.13306      -5.271232    
  -58.88977      -4.821767    
  -59.64636      -4.071805    
  -59.64635      -4.071821    
  -60.40282      -3.294220    
  -61.15923      -2.642910    
  -61.15921      -2.642921    
  -61.91553      -2.122663    
  -62.67180      -1.724924    
  -62.67178      -1.724931    
  -63.42799      -1.415219    
  -64.18417      -1.178089    
  -64.18417      -1.178089    
  -64.94031     -0.9888685    
  -65.69644     -0.8385243    
  -65.69643     -0.8385271    
  -66.45251     -0.7136036    
  -67.20859     -0.6108780    
  -67.20859     -0.6108780    
  -67.96465     -0.5230994    
  -68.72069     -0.4486848    
  -77.99899     -7.0628799E-02
  -71.94331     -0.2323503    
  -65.88762     -0.8043919    
  -77.99899     -7.0628799E-02
  -74.97115     -0.1259762    
  -71.94331     -0.2323503    
  -71.94331     -0.2323503    
  -68.91547     -0.4310018    
  -65.88762     -0.8043919    
  -71.94331     -0.2323503    
  -70.42938     -0.3167401    
  -68.91547     -0.4310018    
  -68.91547     -0.4310018    
  -67.40154     -0.5868175    
  -65.88763     -0.8043905    
  -65.88763     -0.8043905    
  -59.83195      -3.873924    
  -53.77679      -5.469128    
  -65.88763     -0.8043905    
  -62.85979      -1.640599    
  -59.83196      -3.873907    
  -65.88763     -0.8043905    
  -64.37370      -1.126336    
  -62.85979      -1.640599    
  -62.85979      -1.640599    
  -61.34587      -2.503513    
  -59.83195      -3.873915    
  -62.85979      -1.640599    
  -62.10283      -2.013805    
  -61.34587      -2.503513    
  -61.34587      -2.503513    
  -60.58891      -3.120096    
  -59.83195      -3.873915    
  -59.83195      -3.873915    
  -59.07500      -4.661641    
  -58.31805      -5.193616    
  -58.31805      -5.193616    
  -57.56111      -5.407062    
  -56.80417      -5.456486    
  -56.80417      -5.456486    
  -56.04723      -5.466997    
  -55.29031      -5.468451    
  -55.29031      -5.468451    
  -54.53339      -5.468670    
  -53.77648      -5.469128    
  -5.149567      -5.474131    
 -0.9038239      -5.474131    
  -6.951904      -5.474131    
  -19.39168      -5.474271    
  -25.44522      -5.473567    
  -31.49158      -5.473378    
  -17.33583      -5.473316    
  -11.28084      -5.473249    
  -5.230209      -5.474133    
  -19.37547      -5.474264    
  -25.42801      -5.473567    
  -31.47337      -5.473378    
  -31.72621      -5.473378    
  -37.77876      -5.475178    
  -43.82318      -5.475948    
  -31.72568      -5.473378    
  -37.77820      -5.475178    
  -43.82262      -5.475948    
  -53.77095      -5.469132    
  -47.71467      -5.472376    
  -41.65996      -5.475826    
  -31.71190      -5.473378    
  -37.76367      -5.475172    
  -43.80731      -5.475943    
  -19.38300      -5.474272    
  -25.43600      -5.473564    
  -31.48183      -5.473378    
  -77.99899     -7.0631817E-02
  -71.94315     -0.2323597    
  -65.88731     -0.8044471    
  -77.99899     -7.0631817E-02
  -74.97107     -0.1259814    
  -71.94315     -0.2323597    
  -71.94315     -0.2323597    
  -68.91524     -0.4310247    
  -65.88731     -0.8044471    
  -71.94315     -0.2323597    
  -70.42919     -0.3167573    
  -68.91524     -0.4310247    
  -68.91524     -0.4310247    
  -67.40128     -0.5868543    
  -65.88732     -0.8044457    
  -65.88732     -0.8044457    
  -59.83149      -3.874407    
  -53.77618      -5.469131    
  -65.88732     -0.8044457    
  -62.85941      -1.640767    
  -59.83150      -3.874390    
  -65.88732     -0.8044457    
  -64.37336      -1.126429    
  -62.85941      -1.640767    
  -62.85941      -1.640767    
  -61.34545      -2.503819    
  -59.83150      -3.874398    
  -62.85941      -1.640767    
  -62.10242      -2.014013    
  -61.34545      -2.503819    
  -61.34545      -2.503819    
  -60.58848      -3.120471    
  -59.83150      -3.874398    
  -59.83150      -3.874398    
  -59.07452      -4.662127    
  -58.31756      -5.193818    
  -58.31756      -5.193818    
  -57.56059      -5.407154    
  -56.80363      -5.456496    
  -56.80363      -5.456496    
  -56.04668      -5.467000    
  -55.28973      -5.468453    
  -55.28973      -5.468453    
  -54.53280      -5.468671    
  -53.77587      -5.469131    
  -53.77587      -5.469131    
  -47.72082      -5.472376    
  -41.66734      -5.475826    
  -7.101089      -5.474133    
  -13.15492      -5.472812    
  -19.20251      -5.474199    
  -19.37343      -5.474268    
  -25.42584      -5.473564    
  -31.47108      -5.473378    
  -44.12500      -5.476015    
  -50.17667      -5.469419    
  -56.21928      -5.465703    
  -44.13995      -5.476015    
  -50.19237      -5.469421    
  -56.23573      -5.465578    
